  0.500000   0.000000   0.005598    4.000000,  0.000000
  0.498573   0.011106   0.002799    4.000000, -8.000000
  0.496490   0.015709   0.001263    4.000000, -8.000000
  0.494296   0.019239   0.001039    4.000000,-16.000000
  0.492044   0.022211   0.000932    4.000000,  0.000000
  0.489754   0.024825   0.000869    4.000000,-16.000000
  0.487437   0.027183   0.000827    4.000000,  0.000000
  0.485098   0.029346   0.000796    4.000000,-16.000000
  0.482742   0.031354   0.000774    4.000000,-16.000000
  0.480373   0.033234   0.000756    4.000000,  0.000000
  0.477991   0.035006   0.000742    4.000000,-16.000000
  0.475599   0.036686   0.000731    4.000000,  0.000000
  0.473198   0.038285   0.000721    4.000000, -8.000000
  0.470788   0.039813   0.000713    4.000000, -2.000000
  0.468372   0.041277   0.000706    4.000000, -8.000000
  0.465949   0.042683   0.000700    4.000000, -2.000000
  0.463519   0.044037   0.000695    4.000000,  0.000000
  0.461084   0.045344   0.000691    4.000000, -8.000000
  0.458644   0.046606   0.000687    4.000000,-16.000000
  0.456200   0.047827   0.000683    4.000000,-16.000000
  0.453751   0.049010   0.000680    4.000000,-16.000000
  0.451297   0.050158   0.000677    4.000000,-16.000000
  0.448840   0.051273   0.000675    4.000000,-16.000000
  0.446379   0.052356   0.000672    4.000000,  0.000000
  0.443915   0.053410   0.000670    4.000000, -2.000000
  0.441447   0.054436   0.000668    4.000000,-16.000000
  0.438976   0.055435   0.000666    4.000000, -2.000000
  0.436503   0.056409   0.000665    4.000000,-16.000000
  0.434026   0.057359   0.000663    4.000000, -8.000000
  0.431547   0.058286   0.000662    4.000000,-16.000000
  0.429065   0.059190   0.000660    4.000000,-16.000000
  0.426581   0.060074   0.000659    4.000000,-16.000000
  0.424095   0.060937   0.000658    4.000000, -2.000000
  0.421606   0.061781   0.000657    4.000000, -2.000000
  0.419115   0.062606   0.000656    4.000000, -8.000000
  0.416622   0.063412   0.000655    4.000000,-16.000000
  0.414126   0.064201   0.000654    4.000000, -8.000000
  0.411629   0.064973   0.000653    4.000000,-16.000000
  0.409131   0.065729   0.000653    4.000000, -8.000000
  0.406630   0.066468   0.000652    4.000000, -2.000000
  0.404127   0.067192   0.000651    4.000000, -8.000000
  0.401623   0.067901   0.000651    4.000000, -2.000000
  0.399118   0.068596   0.000650    4.000000,  0.000000
  0.396610   0.069275   0.000649    4.000000,  0.000000
  0.394102   0.069941   0.000649    4.000000, -2.000000
  0.391591   0.070594   0.000648    4.000000, -8.000000
  0.389080   0.071233   0.000648    4.000000, -8.000000
  0.386567   0.071859   0.000647    4.000000,  0.000000
  0.384052   0.072473   0.000647    4.000000, -2.000000
  0.381537   0.073074   0.000647    4.000000,  0.000000
  0.379020   0.073664   0.000646    4.000000,-16.000000
  0.376501   0.074241   0.000646    4.000000, -2.000000
  0.373982   0.074807   0.000646    4.000000, -8.000000
  0.371462   0.075361   0.000645    4.000000,-16.000000
  0.368940   0.075905   0.000645    4.000000,  0.000000
  0.366417   0.076437   0.000645    4.000000, -8.000000
  0.363894   0.076959   0.000644    4.000000, -8.000000
  0.361369   0.077471   0.000644    4.000000,-16.000000
  0.358843   0.077972   0.000644    4.000000, -2.000000
  0.356316   0.078462   0.000643    4.000000,  0.000000
  0.353789   0.078943   0.000643    4.000000, -8.000000
  0.351260   0.079415   0.000643    4.000000,-16.000000
  0.348731   0.079876   0.000643    4.000000,-16.000000
  0.346200   0.080328   0.000643    4.000000, -8.000000
  0.343669   0.080771   0.000642    4.000000, -2.000000
  0.341137   0.081204   0.000642    4.000000, -2.000000
  0.338604   0.081629   0.000642    4.000000,-16.000000
  0.336071   0.082045   0.000642    4.000000,-16.000000
  0.333536   0.082451   0.000642    4.000000, -2.000000
  0.331001   0.082850   0.000642    4.000000,  0.000000
  0.328466   0.083239   0.000641    4.000000, -8.000000
  0.325929   0.083621   0.000641    4.000000,  0.000000
  0.323392   0.083994   0.000641    4.000000, -2.000000
  0.320854   0.084358   0.000641    4.000000,-16.000000
  0.318316   0.084715   0.000641    4.000000,  0.000000
  0.315777   0.085064   0.000641    4.000000, -8.000000
  0.313237   0.085405   0.000641    4.000000, -8.000000
  0.310697   0.085738   0.000640    4.000000,  0.000000
  0.308156   0.086063   0.000640    4.000000, -8.000000
  0.305615   0.086381   0.000640    4.000000,-16.000000
  0.303073   0.086691   0.000640    4.000000,  0.000000
  0.300531   0.086994   0.000640    4.000000, -8.000000
  0.297988   0.087290   0.000640    4.000000, -2.000000
  0.295444   0.087578   0.000640    4.000000,  0.000000
  0.292901   0.087859   0.000640    4.000000, -2.000000
  0.290356   0.088134   0.000640    4.000000,-16.000000
  0.287812   0.088401   0.000640    4.000000,  0.000000
  0.285266   0.088661   0.000640    4.000000, -2.000000
  0.282721   0.088914   0.000640    4.000000, -2.000000
  0.280175   0.089161   0.000639    4.000000, -2.000000
  0.277628   0.089401   0.000639    4.000000, -2.000000
  0.275082   0.089634   0.000639    4.000000,  0.000000
  0.272535   0.089860   0.000639    4.000000,  0.000000
  0.269987   0.090081   0.000639    4.000000,  0.000000
  0.267439   0.090294   0.000639    4.000000, -2.000000
  0.264891   0.090502   0.000639    4.000000,-16.000000
  0.262343   0.090703   0.000639    4.000000, -2.000000
  0.259794   0.090897   0.000639    4.000000,  0.000000
  0.257245   0.091086   0.000639    4.000000,  0.000000
  0.254695   0.091268   0.000639    4.000000, -8.000000
  0.252146   0.091444   0.000639    4.000000,  0.000000
  0.249596   0.091615   0.000639    4.000000,-16.000000
  0.247045   0.091779   0.000639    4.000000, -8.000000
  0.244495   0.091937   0.000639    4.000000,-16.000000
  0.241944   0.092090   0.000639    4.000000,  0.000000
  0.239393   0.092236   0.000639    4.000000,-16.000000
  0.236842   0.092377   0.000639    4.000000, -2.000000
  0.234291   0.092512   0.000639    4.000000,  0.000000
  0.231739   0.092641   0.000639    4.000000, -8.000000
  0.229188   0.092765   0.000639    4.000000, -2.000000
  0.226636   0.092883   0.000639    4.000000, -8.000000
  0.224084   0.092996   0.000639    4.000000, -8.000000
  0.221532   0.093103   0.000639    4.000000,-16.000000
  0.218979   0.093205   0.000639    4.000000, -2.000000
  0.216427   0.093301   0.000639    4.000000, -8.000000
  0.213874   0.093392   0.000639    4.000000, -8.000000
  0.211321   0.093477   0.000639    4.000000,  0.000000
  0.208768   0.093558   0.000639    4.000000, -2.000000
  0.206215   0.093633   0.000639    4.000000,-16.000000
  0.203662   0.093702   0.000639    4.000000,-16.000000
  0.201109   0.093767   0.000639    4.000000,  0.000000
  0.198556   0.093826   0.000638    4.000000,  0.000000
  0.196002   0.093881   0.000638    4.000000, -2.000000
  0.193449   0.093930   0.000638    4.000000, -8.000000
  0.190895   0.093975   0.000638    4.000000,-16.000000
  0.188342   0.094014   0.000638    4.000000, -2.000000
  0.185788   0.094048   0.000638    4.000000,-16.000000
  0.183234   0.094078   0.000638    4.000000, -8.000000
  0.180681   0.094102   0.000638    4.000000, -8.000000
  0.178127   0.094122   0.000638    4.000000, -2.000000
  0.175573   0.094137   0.000638    4.000000,  0.000000
  0.173019   0.094147   0.000638    4.000000,-16.000000
  0.170466   0.094152   0.000638    4.000000, -8.000000
  0.167912   0.094153   0.000638    4.000000, -2.000000
  0.165358   0.094149   0.000638    4.000000, -2.000000
  0.162804   0.094140   0.000638    4.000000, -2.000000
  0.160250   0.094127   0.000638    4.000000, -8.000000
  0.157697   0.094109   0.000638    4.000000, -2.000000
  0.155143   0.094086   0.000638    4.000000,  0.000000
  0.152589   0.094059   0.000638    4.000000,-16.000000
  0.150036   0.094028   0.000638    4.000000, -2.000000
  0.147482   0.093992   0.000638    4.000000,  0.000000
  0.144928   0.093951   0.000638    4.000000, -8.000000
  0.142375   0.093906   0.000638    4.000000, -8.000000
  0.139822   0.093857   0.000638    4.000000, -2.000000
  0.137268   0.093803   0.000638    4.000000,-16.000000
  0.134715   0.093745   0.000638    4.000000,  0.000000
  0.132162   0.093683   0.000638    4.000000, -8.000000
  0.129609   0.093616   0.000639    4.000000, -8.000000
  0.127055   0.093546   0.000639    4.000000, -8.000000
  0.124503   0.093470   0.000639    4.000000,-16.000000
  0.121950   0.093391   0.000639    4.000000, -2.000000
  0.119397   0.093307   0.000639    4.000000,  0.000000
  0.116844   0.093220   0.000639    4.000000,  0.000000
  0.114292   0.093128   0.000639    4.000000, -2.000000
  0.111739   0.093032   0.000639    4.000000,-16.000000
  0.109187   0.092932   0.000639    4.000000,  0.000000
  0.106635   0.092827   0.000639    4.000000, -2.000000
  0.104083   0.092719   0.000639    4.000000,  0.000000
  0.101531   0.092607   0.000639    4.000000,  0.000000
  0.098989   0.092491   0.000636    4.000000, -2.000000
  0.096463   0.092371   0.000632    4.000000,-16.000000
  0.093937   0.092249   0.000632    4.000000,-16.000000
  0.091410   0.092123   0.000632    4.000000, -8.000000
  0.088884   0.091994   0.000632    4.000000,-16.000000
  0.086358   0.091863   0.000632    4.000000, -2.000000
  0.083832   0.091728   0.000632    4.000000, -2.000000
  0.081306   0.091591   0.000632    4.000000, -8.000000
  0.078780   0.091450   0.000632    4.000000,-16.000000
  0.076254   0.091307   0.000632    4.000000, -8.000000
  0.073729   0.091160   0.000632    4.000000,-16.000000
  0.071203   0.091011   0.000633    4.000000, -2.000000
  0.068677   0.090859   0.000633    4.000000,-16.000000
  0.066152   0.090704   0.000633    4.000000, -8.000000
  0.063627   0.090546   0.000633    4.000000,-16.000000
  0.061101   0.090385   0.000633    4.000000, -8.000000
  0.058576   0.090222   0.000633    4.000000,  0.000000
  0.056051   0.090056   0.000633    4.000000, -8.000000
  0.053526   0.089887   0.000633    4.000000,-16.000000
  0.051001   0.089715   0.000633    4.000000,  0.000000
  0.048476   0.089540   0.000633    4.000000, -2.000000
  0.045952   0.089363   0.000633    4.000000, -2.000000
  0.043427   0.089183   0.000633    4.000000,  0.000000
  0.040903   0.089001   0.000633    4.000000, -8.000000
  0.038378   0.088816   0.000633    4.000000, -2.000000
  0.035854   0.088628   0.000633    4.000000, -8.000000
  0.033330   0.088437   0.000633    4.000000, -8.000000
  0.030806   0.088244   0.000633    4.000000, -2.000000
  0.028282   0.088048   0.000633    4.000000,-16.000000
  0.025758   0.087850   0.000633    4.000000,-16.000000
  0.023234   0.087649   0.000633    4.000000, -2.000000
  0.020710   0.087446   0.000633    4.000000,-16.000000
  0.018187   0.087240   0.000633    4.000000, -8.000000
  0.015664   0.087031   0.000633    4.000000,-16.000000
  0.013140   0.086820   0.000633    4.000000,-16.000000
  0.010617   0.086607   0.000633    4.000000, -8.000000
  0.008094   0.086391   0.000633    4.000000, -2.000000
  0.005571   0.086172   0.000633    4.000000, -2.000000
  0.003049   0.085952   0.000633    4.000000,  0.000000
  0.000526   0.085728   0.000633    4.000000, -8.000000
 -0.001996   0.085502   0.000633    4.000000,  0.000000
 -0.004519   0.085274   0.000633    4.000000,-16.000000
 -0.007041   0.085044   0.000633    4.000000, -2.000000
 -0.009563   0.084811   0.000633    4.000000, -2.000000
 -0.012085   0.084575   0.000633    4.000000,-16.000000
 -0.014607   0.084338   0.000633    4.000000, -8.000000
 -0.017129   0.084098   0.000633    4.000000, -2.000000
 -0.019650   0.083855   0.000633    4.000000, -8.000000
 -0.022172   0.083611   0.000633    4.000000,  0.000000
 -0.024693   0.083364   0.000633    4.000000,  0.000000
 -0.027214   0.083114   0.000633    4.000000,  0.000000
 -0.029735   0.082863   0.000633    4.000000,  0.000000
 -0.032256   0.082609   0.000633    4.000000,  0.000000
 -0.034777   0.082353   0.000633    4.000000,-16.000000
 -0.037297   0.082094   0.000633    4.000000, -2.000000
 -0.039818   0.081834   0.000633    4.000000, -8.000000
 -0.042338   0.081571   0.000633    4.000000, -2.000000
 -0.044858   0.081306   0.000634    4.000000, -2.000000
 -0.047378   0.081038   0.000634    4.000000,  0.000000
 -0.049898   0.080769   0.000634    4.000000,  0.000000
 -0.052417   0.080497   0.000634    4.000000, -2.000000
 -0.054937   0.080223   0.000634    4.000000,  0.000000
 -0.057456   0.079947   0.000634    4.000000,-16.000000
 -0.059975   0.079669   0.000634    4.000000,-16.000000
 -0.062495   0.079388   0.000634    4.000000,  0.000000
 -0.065013   0.079106   0.000634    4.000000, -2.000000
 -0.067532   0.078821   0.000634    4.000000,-16.000000
 -0.070051   0.078535   0.000634    4.000000, -8.000000
 -0.072569   0.078246   0.000634    4.000000,-16.000000
 -0.075087   0.077955   0.000634    4.000000,-16.000000
 -0.077605   0.077662   0.000634    4.000000, -2.000000
 -0.080123   0.077366   0.000634    4.000000,-16.000000
 -0.082641   0.077069   0.000634    4.000000, -2.000000
 -0.085159   0.076770   0.000634    4.000000,  0.000000
 -0.087676   0.076468   0.000634    4.000000, -8.000000
 -0.090193   0.076165   0.000634    4.000000, -8.000000
 -0.092710   0.075860   0.000634    4.000000,  0.000000
 -0.095227   0.075552   0.000634    4.000000, -8.000000
 -0.097744   0.075243   0.000634    4.000000, -2.000000
 -0.100261   0.074931   0.000634    4.000000, -8.000000
 -0.102777   0.074617   0.000634    4.000000,-16.000000
 -0.105293   0.074302   0.000634    4.000000, -8.000000
 -0.107809   0.073984   0.000634    4.000000,  0.000000
 -0.110325   0.073665   0.000634    4.000000, -2.000000
 -0.112841   0.073343   0.000634    4.000000,-16.000000
 -0.115357   0.073020   0.000634    4.000000, -8.000000
 -0.117872   0.072694   0.000634    4.000000, -2.000000
 -0.120387   0.072367   0.000634    4.000000,  0.000000
 -0.122902   0.072037   0.000634    4.000000,  0.000000
 -0.125417   0.071706   0.000634    4.000000,-16.000000
 -0.127931   0.071373   0.000634    4.000000,  0.000000
 -0.130446   0.071038   0.000634    4.000000, -8.000000
 -0.132960   0.070701   0.000634    4.000000,  0.000000
 -0.135474   0.070361   0.000634    4.000000,  0.000000
 -0.137988   0.070020   0.000634    4.000000, -2.000000
 -0.140502   0.069678   0.000634    4.000000, -2.000000
 -0.143015   0.069333   0.000634    4.000000, -2.000000
 -0.145529   0.068986   0.000634    4.000000, -8.000000
 -0.148042   0.068638   0.000634    4.000000,-16.000000
 -0.150555   0.068287   0.000634    4.000000,-16.000000
 -0.153068   0.067935   0.000634    4.000000, -8.000000
 -0.155580   0.067581   0.000634    4.000000, -2.000000
 -0.158093   0.067225   0.000634    4.000000, -2.000000
 -0.160605   0.066867   0.000634    4.000000, -2.000000
 -0.163117   0.066507   0.000634    4.000000,-16.000000
 -0.165629   0.066145   0.000634    4.000000, -8.000000
 -0.168140   0.065782   0.000634    4.000000,  0.000000
 -0.170652   0.065416   0.000634    4.000000,  0.000000
 -0.173163   0.065049   0.000634    4.000000,-16.000000
 -0.175674   0.064680   0.000634    4.000000, -2.000000
 -0.178185   0.064309   0.000635    4.000000,  0.000000
 -0.180695   0.063937   0.000635    4.000000, -2.000000
 -0.183206   0.063562   0.000635    4.000000,-16.000000
 -0.185716   0.063186   0.000635    4.000000, -2.000000
 -0.188226   0.062808   0.000635    4.000000, -8.000000
 -0.190736   0.062428   0.000635    4.000000,-16.000000
 -0.193245   0.062046   0.000635    4.000000,-16.000000
 -0.195755   0.061662   0.000635    4.000000, -2.000000
 -0.198264   0.061277   0.000635    4.000000, -8.000000
 -0.200773   0.060890   0.000635    4.000000,  0.000000
 -0.203282   0.060501   0.000635    4.000000,-16.000000
 -0.205791   0.060110   0.000635    4.000000, -8.000000
 -0.208299   0.059718   0.000635    4.000000,  0.000000
 -0.210807   0.059323   0.000635    4.000000, -8.000000
 -0.213315   0.058927   0.000635    4.000000, -2.000000
 -0.215823   0.058529   0.000635    4.000000, -8.000000
 -0.218330   0.058130   0.000635    4.000000,  0.000000
 -0.220838   0.057728   0.000635    4.000000, -8.000000
 -0.223345   0.057325   0.000635    4.000000,  0.000000
 -0.225852   0.056920   0.000635    4.000000, -2.000000
 -0.228358   0.056514   0.000635    4.000000, -2.000000
 -0.230865   0.056105   0.000635    4.000000, -8.000000
 -0.233371   0.055695   0.000635    4.000000,  0.000000
 -0.235877   0.055283   0.000635    4.000000, -2.000000
 -0.238383   0.054869   0.000635    4.000000,-16.000000
 -0.240889   0.054454   0.000635    4.000000, -2.000000
 -0.243394   0.054037   0.000635    4.000000, -2.000000
 -0.245899   0.053618   0.000635    4.000000, -8.000000
 -0.248404   0.053197   0.000635    4.000000, -2.000000
 -0.250909   0.052774   0.000635    4.000000, -2.000000
 -0.253413   0.052350   0.000635    4.000000, -2.000000
 -0.255918   0.051924   0.000635    4.000000,  0.000000
 -0.258422   0.051496   0.000635    4.000000,-16.000000
 -0.260926   0.051067   0.000635    4.000000,  0.000000
 -0.263429   0.050636   0.000635    4.000000, -8.000000
 -0.265933   0.050203   0.000635    4.000000,-16.000000
 -0.268436   0.049768   0.000635    4.000000, -8.000000
 -0.270939   0.049332   0.000635    4.000000,-16.000000
 -0.273441   0.048894   0.000635    4.000000, -2.000000
 -0.275944   0.048454   0.000635    4.000000,-16.000000
 -0.278446   0.048012   0.000635    4.000000, -8.000000
 -0.280948   0.047569   0.000635    4.000000,  0.000000
 -0.283450   0.047124   0.000635    4.000000,  0.000000
 -0.285952   0.046677   0.000635    4.000000, -2.000000
 -0.288453   0.046228   0.000635    4.000000, -2.000000
 -0.290954   0.045778   0.000635    4.000000,-16.000000
 -0.293455   0.045326   0.000635    4.000000,-16.000000
 -0.295955   0.044872   0.000635    4.000000, -8.000000
 -0.298456   0.044417   0.000635    4.000000, -2.000000
 -0.300956   0.043959   0.000635    4.000000, -2.000000
 -0.303456   0.043500   0.000635    4.000000,-16.000000
 -0.305955   0.043040   0.000635    4.000000, -8.000000
 -0.308455   0.042577   0.000635    4.000000, -2.000000
 -0.310954   0.042113   0.000635    4.000000, -8.000000
 -0.313453   0.041647   0.000635    4.000000, -2.000000
 -0.315952   0.041180   0.000636    4.000000,  0.000000
 -0.318450   0.040710   0.000636    4.000000, -2.000000
 -0.320948   0.040239   0.000636    4.000000, -2.000000
 -0.323446   0.039766   0.000636    4.000000, -2.000000
 -0.325944   0.039291   0.000636    4.000000,-16.000000
 -0.328441   0.038815   0.000636    4.000000, -8.000000
 -0.330938   0.038337   0.000636    4.000000,-16.000000
 -0.333435   0.037857   0.000636    4.000000, -8.000000
 -0.335932   0.037375   0.000636    4.000000, -2.000000
 -0.338429   0.036892   0.000636    4.000000, -8.000000
 -0.340925   0.036407   0.000636    4.000000,-16.000000
 -0.343421   0.035920   0.000636    4.000000, -8.000000
 -0.345916   0.035432   0.000636    4.000000, -2.000000
 -0.348412   0.034941   0.000636    4.000000,-16.000000
 -0.350907   0.034449   0.000636    4.000000, -8.000000
 -0.353402   0.033955   0.000636    4.000000, -8.000000
 -0.355897   0.033459   0.000636    4.000000, -2.000000
 -0.358391   0.032962   0.000636    4.000000, -8.000000
 -0.360885   0.032463   0.000636    4.000000, -8.000000
 -0.363379   0.031962   0.000636    4.000000,-16.000000
 -0.365873   0.031459   0.000636    4.000000,  0.000000
 -0.368366   0.030955   0.000636    4.000000,  0.000000
 -0.370859   0.030448   0.000636    4.000000,-16.000000
 -0.373352   0.029940   0.000636    4.000000,  0.000000
 -0.375844   0.029430   0.000636    4.000000,-16.000000
 -0.378337   0.028919   0.000636    4.000000,  0.000000
 -0.380829   0.028405   0.000636    4.000000,-16.000000
 -0.383320   0.027890   0.000636    4.000000,  0.000000
 -0.385812   0.027373   0.000636    4.000000,  0.000000
 -0.388303   0.026854   0.000636    4.000000, -2.000000
 -0.390794   0.026333   0.000636    4.000000, -2.000000
 -0.393285   0.025811   0.000636    4.000000, -8.000000
 -0.395775   0.025287   0.000636    4.000000,-16.000000
 -0.398265   0.024761   0.000636    4.000000,  0.000000
 -0.400755   0.024233   0.000636    4.000000,  0.000000
 -0.403244   0.023703   0.000636    4.000000,-16.000000
 -0.405734   0.023171   0.000636    4.000000, -8.000000
 -0.408223   0.022638   0.000636    4.000000,  0.000000
 -0.410711   0.022103   0.000636    4.000000, -8.000000
 -0.413200   0.021566   0.000636    4.000000,-16.000000
 -0.415688   0.021027   0.000636    4.000000, -8.000000
 -0.418176   0.020486   0.000636    4.000000, -8.000000
 -0.420663   0.019943   0.000637    4.000000,  0.000000
 -0.423150   0.019399   0.000637    4.000000,-16.000000
 -0.425637   0.018853   0.000637    4.000000, -8.000000
 -0.428124   0.018304   0.000637    4.000000, -8.000000
 -0.430610   0.017754   0.000637    4.000000,  0.000000
 -0.433097   0.017202   0.000637    4.000000, -2.000000
 -0.435582   0.016649   0.000637    4.000000,  0.000000
 -0.438068   0.016093   0.000637    4.000000,  0.000000
 -0.440553   0.015535   0.000637    4.000000, -8.000000
 -0.443038   0.014976   0.000637    4.000000, -8.000000
 -0.445522   0.014414   0.000637    4.000000, -2.000000
 -0.448007   0.013851   0.000637    4.000000, -2.000000
 -0.450491   0.013286   0.000637    4.000000, -8.000000
 -0.452974   0.012719   0.000637    4.000000,-16.000000
 -0.455458   0.012150   0.000637    4.000000, -8.000000
 -0.457941   0.011579   0.000637    4.000000, -8.000000
 -0.460424   0.011006   0.000637    4.000000,-16.000000
 -0.462906   0.010431   0.000637    4.000000,  0.000000
 -0.465388   0.009854   0.000637    4.000000,  0.000000
 -0.467870   0.009276   0.000637    4.000000, -8.000000
 -0.470352   0.008695   0.000637    4.000000,  0.000000
 -0.472833   0.008112   0.000637    4.000000, -8.000000
 -0.475314   0.007528   0.000637    4.000000, -2.000000
 -0.477794   0.006941   0.000637    4.000000,-16.000000
 -0.480275   0.006352   0.000637    4.000000,  0.000000
 -0.482754   0.005762   0.000637    4.000000, -8.000000
 -0.485234   0.005169   0.000637    4.000000, -2.000000
 -0.487713   0.004575   0.000637    4.000000, -8.000000
 -0.490192   0.003978   0.000637    4.000000,  0.000000
 -0.492671   0.003379   0.000637    4.000000, -8.000000
 -0.495149   0.002779   0.000638    4.000000, -2.000000
 -0.497627   0.002176   0.000638    4.000000, -8.000000
 -0.500105   0.001572   0.000638    4.000000, -2.000000
 -0.499895  -0.001572   0.001275    4.000000, -2.000000
 -0.497360  -0.001843   0.001274    4.000000,-16.000000
 -0.494826  -0.002113   0.001274    4.000000, -8.000000
 -0.492292  -0.002383   0.001274    4.000000, -2.000000
 -0.489758  -0.002653   0.001274    4.000000, -2.000000
 -0.487224  -0.002921   0.001274    4.000000, -2.000000
 -0.484691  -0.003189   0.001274    4.000000, -2.000000
 -0.482158  -0.003457   0.001273    4.000000, -2.000000
 -0.479625  -0.003724   0.001273    4.000000,-16.000000
 -0.477093  -0.003990   0.001273    4.000000, -2.000000
 -0.474561  -0.004256   0.001273    4.000000,-16.000000
 -0.472029  -0.004521   0.001273    4.000000,-16.000000
 -0.469498  -0.004785   0.001272    4.000000, -2.000000
 -0.466967  -0.005049   0.001272    4.000000,  0.000000
 -0.464436  -0.005313   0.001272    4.000000, -8.000000
 -0.461906  -0.005576   0.001272    4.000000,-16.000000
 -0.459376  -0.005838   0.001272    4.000000, -2.000000
 -0.456846  -0.006100   0.001271    4.000000,-16.000000
 -0.454317  -0.006361   0.001271    4.000000,  0.000000
 -0.451787  -0.006622   0.001271    4.000000, -8.000000
 -0.449259  -0.006882   0.001271    4.000000,  0.000000
 -0.446730  -0.007141   0.001271    4.000000,-16.000000
 -0.444202  -0.007401   0.001271    4.000000,-16.000000
 -0.441674  -0.007659   0.001270    4.000000, -8.000000
 -0.439146  -0.007917   0.001270    4.000000,  0.000000
 -0.436619  -0.008175   0.001270    4.000000, -8.000000
 -0.434092  -0.008432   0.001270    4.000000,-16.000000
 -0.431565  -0.008689   0.001270    4.000000,-16.000000
 -0.429039  -0.008945   0.001270    4.000000, -8.000000
 -0.426513  -0.009200   0.001269    4.000000, -2.000000
 -0.423987  -0.009456   0.001269    4.000000, -2.000000
 -0.421461  -0.009710   0.001269    4.000000,  0.000000
 -0.418936  -0.009965   0.001269    4.000000, -2.000000
 -0.416411  -0.010218   0.001269    4.000000,-16.000000
 -0.413886  -0.010472   0.001269    4.000000, -8.000000
 -0.411362  -0.010725   0.001268    4.000000,  0.000000
 -0.408838  -0.010977   0.001268    4.000000, -2.000000
 -0.406314  -0.011229   0.001268    4.000000, -8.000000
 -0.403790  -0.011481   0.001268    4.000000, -8.000000
 -0.401267  -0.011732   0.001268    4.000000, -8.000000
 -0.398744  -0.011983   0.001268    4.000000, -8.000000
 -0.396221  -0.012233   0.001267    4.000000, -2.000000
 -0.393699  -0.012483   0.001267    4.000000,-16.000000
 -0.391177  -0.012732   0.001267    4.000000,-16.000000
 -0.388655  -0.012981   0.001267    4.000000, -8.000000
 -0.386133  -0.013230   0.001267    4.000000,  0.000000
 -0.383612  -0.013478   0.001267    4.000000, -2.000000
 -0.381091  -0.013726   0.001266    4.000000, -2.000000
 -0.378570  -0.013973   0.001266    4.000000, -8.000000
 -0.376049  -0.014220   0.001266    4.000000,-16.000000
 -0.373529  -0.014467   0.001266    4.000000, -2.000000
 -0.371009  -0.014713   0.001266    4.000000,  0.000000
 -0.368489  -0.014959   0.001266    4.000000,-16.000000
 -0.365970  -0.015204   0.001266    4.000000,  0.000000
 -0.363451  -0.015449   0.001265    4.000000, -2.000000
 -0.360932  -0.015694   0.001265    4.000000,-16.000000
 -0.358413  -0.015938   0.001265    4.000000, -2.000000
 -0.355895  -0.016182   0.001265    4.000000, -8.000000
 -0.353377  -0.016425   0.001265    4.000000, -8.000000
 -0.350859  -0.016669   0.001265    4.000000,  0.000000
 -0.348341  -0.016911   0.001265    4.000000,  0.000000
 -0.345824  -0.017154   0.001264    4.000000, -2.000000
 -0.343307  -0.017396   0.001264    4.000000,  0.000000
 -0.340790  -0.017638   0.001264    4.000000,-16.000000
 -0.338273  -0.017879   0.001264    4.000000,  0.000000
 -0.335757  -0.018120   0.001264    4.000000, -8.000000
 -0.333241  -0.018361   0.001264    4.000000,  0.000000
 -0.330725  -0.018601   0.001263    4.000000,-16.000000
 -0.328209  -0.018841   0.001263    4.000000,-16.000000
 -0.325694  -0.019080   0.001263    4.000000, -8.000000
 -0.323179  -0.019320   0.001263    4.000000, -8.000000
 -0.320664  -0.019558   0.001263    4.000000, -2.000000
 -0.318150  -0.019797   0.001263    4.000000,  0.000000
 -0.315635  -0.020035   0.001263    4.000000, -8.000000
 -0.313121  -0.020273   0.001263    4.000000,-16.000000
 -0.310607  -0.020510   0.001262    4.000000,-16.000000
 -0.308094  -0.020748   0.001262    4.000000, -2.000000
 -0.305580  -0.020984   0.001262    4.000000,-16.000000
 -0.303067  -0.021221   0.001262    4.000000, -2.000000
 -0.300554  -0.021457   0.001262    4.000000,-16.000000
 -0.298042  -0.021693   0.001262    4.000000, -8.000000
 -0.295529  -0.021928   0.001262    4.000000,  0.000000
 -0.293017  -0.022163   0.001261    4.000000, -2.000000
 -0.290505  -0.022398   0.001261    4.000000,-16.000000
 -0.287993  -0.022632   0.001261    4.000000, -2.000000
 -0.285482  -0.022866   0.001261    4.000000, -2.000000
 -0.282971  -0.023100   0.001261    4.000000, -8.000000
 -0.280460  -0.023334   0.001261    4.000000, -2.000000
 -0.277949  -0.023567   0.001261    4.000000,-16.000000
 -0.275439  -0.023799   0.001261    4.000000, -2.000000
 -0.272928  -0.024032   0.001260    4.000000, -8.000000
 -0.270418  -0.024264   0.001260    4.000000, -2.000000
 -0.267908  -0.024495   0.001260    4.000000, -8.000000
 -0.265399  -0.024727   0.001260    4.000000,  0.000000
 -0.262889  -0.024958   0.001260    4.000000, -8.000000
 -0.260380  -0.025189   0.001260    4.000000,  0.000000
 -0.257871  -0.025419   0.001260    4.000000, -8.000000
 -0.255363  -0.025649   0.001259    4.000000,  0.000000
 -0.252854  -0.025879   0.001259    4.000000,  0.000000
 -0.250346  -0.026108   0.001259    4.000000, -8.000000
 -0.247838  -0.026337   0.001259    4.000000,-16.000000
 -0.245330  -0.026565   0.001259    4.000000,-16.000000
 -0.242823  -0.026794   0.001259    4.000000, -2.000000
 -0.240315  -0.027021   0.001259    4.000000,  0.000000
 -0.237808  -0.027249   0.001259    4.000000, -8.000000
 -0.235301  -0.027476   0.001258    4.000000, -2.000000
 -0.232794  -0.027703   0.001258    4.000000, -2.000000
 -0.230288  -0.027930   0.001258    4.000000,-16.000000
 -0.227782  -0.028156   0.001258    4.000000, -8.000000
 -0.225276  -0.028381   0.001258    4.000000,  0.000000
 -0.222770  -0.028607   0.001258    4.000000,-16.000000
 -0.220264  -0.028832   0.001258    4.000000,  0.000000
 -0.217759  -0.029056   0.001258    4.000000, -8.000000
 -0.215254  -0.029281   0.001257    4.000000, -2.000000
 -0.212749  -0.029505   0.001257    4.000000,  0.000000
 -0.210244  -0.029728   0.001257    4.000000,  0.000000
 -0.207739  -0.029951   0.001257    4.000000, -2.000000
 -0.205235  -0.030174   0.001257    4.000000,-16.000000
 -0.202731  -0.030396   0.001257    4.000000,-16.000000
 -0.200227  -0.030618   0.001257    4.000000,-16.000000
 -0.197723  -0.030840   0.001257    4.000000,  0.000000
 -0.195220  -0.031061   0.001257    4.000000, -8.000000
 -0.192716  -0.031282   0.001256    4.000000,-16.000000
 -0.190213  -0.031502   0.001256    4.000000,  0.000000
 -0.187710  -0.031722   0.001256    4.000000,  0.000000
 -0.185208  -0.031942   0.001256    4.000000, -8.000000
 -0.182705  -0.032161   0.001256    4.000000,  0.000000
 -0.180203  -0.032380   0.001256    4.000000, -2.000000
 -0.177701  -0.032598   0.001256    4.000000,  0.000000
 -0.175199  -0.032816   0.001256    4.000000, -8.000000
 -0.172697  -0.033033   0.001255    4.000000,  0.000000
 -0.170196  -0.033250   0.001255    4.000000,  0.000000
 -0.167694  -0.033467   0.001255    4.000000,-16.000000
 -0.165193  -0.033683   0.001255    4.000000, -2.000000
 -0.162692  -0.033899   0.001255    4.000000, -8.000000
 -0.160191  -0.034114   0.001255    4.000000, -2.000000
 -0.157691  -0.034329   0.001255    4.000000,  0.000000
 -0.155191  -0.034543   0.001255    4.000000, -2.000000
 -0.152690  -0.034757   0.001255    4.000000,-16.000000
 -0.150191  -0.034970   0.001254    4.000000, -8.000000
 -0.147691  -0.035183   0.001254    4.000000, -2.000000
 -0.145191  -0.035395   0.001254    4.000000,-16.000000
 -0.142692  -0.035607   0.001254    4.000000,-16.000000
 -0.140193  -0.035819   0.001254    4.000000,  0.000000
 -0.137694  -0.036030   0.001254    4.000000, -2.000000
 -0.135195  -0.036240   0.001254    4.000000, -8.000000
 -0.132696  -0.036450   0.001254    4.000000, -2.000000
 -0.130198  -0.036659   0.001253    4.000000, -8.000000
 -0.127699  -0.036868   0.001253    4.000000,-16.000000
 -0.125201  -0.037076   0.001253    4.000000, -8.000000
 -0.122703  -0.037284   0.001253    4.000000, -8.000000
 -0.120206  -0.037491   0.001253    4.000000, -8.000000
 -0.117708  -0.037698   0.001253    4.000000, -2.000000
 -0.115211  -0.037904   0.001253    4.000000, -2.000000
 -0.112714  -0.038110   0.001253    4.000000,-16.000000
 -0.110217  -0.038315   0.001253    4.000000, -2.000000
 -0.107720  -0.038519   0.001252    4.000000, -8.000000
 -0.105223  -0.038723   0.001252    4.000000,-16.000000
 -0.102727  -0.038926   0.001252    4.000000, -8.000000
 -0.100230  -0.039129   0.001252    4.000000, -2.000000
 -0.097734  -0.039331   0.001252    4.000000, -8.000000
 -0.095238  -0.039532   0.001252    4.000000,  0.000000
 -0.092743  -0.039733   0.001252    4.000000,-16.000000
 -0.090247  -0.039933   0.001252    4.000000,-16.000000
 -0.087751  -0.040133   0.001252    4.000000, -8.000000
 -0.085256  -0.040332   0.001251    4.000000,  0.000000
 -0.082761  -0.040530   0.001251    4.000000,  0.000000
 -0.080266  -0.040728   0.001251    4.000000, -8.000000
 -0.077771  -0.040924   0.001251    4.000000, -8.000000
 -0.075277  -0.041121   0.001251    4.000000,-16.000000
 -0.072782  -0.041316   0.001251    4.000000,  0.000000
 -0.070288  -0.041511   0.001251    4.000000,-16.000000
 -0.067794  -0.041705   0.001251    4.000000, -8.000000
 -0.065300  -0.041898   0.001251    4.000000,  0.000000
 -0.062806  -0.042091   0.001251    4.000000, -2.000000
 -0.060312  -0.042283   0.001250    4.000000,  0.000000
 -0.057819  -0.042474   0.001250    4.000000, -2.000000
 -0.055326  -0.042665   0.001250    4.000000, -2.000000
 -0.052833  -0.042854   0.001250    4.000000, -2.000000
 -0.050339  -0.043043   0.001250    4.000000, -2.000000
 -0.047847  -0.043231   0.001250    4.000000, -2.000000
 -0.045354  -0.043419   0.001250    4.000000,  0.000000
 -0.042861  -0.043605   0.001250    4.000000,  0.000000
 -0.040369  -0.043791   0.001250    4.000000, -8.000000
 -0.037877  -0.043976   0.001249    4.000000,  0.000000
 -0.035385  -0.044160   0.001249    4.000000, -8.000000
 -0.032893  -0.044343   0.001249    4.000000,-16.000000
 -0.030401  -0.044525   0.001249    4.000000,-16.000000
 -0.027909  -0.044707   0.001249    4.000000,-16.000000
 -0.025418  -0.044887   0.001249    4.000000,-16.000000
 -0.022926  -0.045067   0.001249    4.000000, -2.000000
 -0.020435  -0.045246   0.001249    4.000000,-16.000000
 -0.017944  -0.045423   0.001249    4.000000,-16.000000
 -0.015453  -0.045600   0.001249    4.000000,  0.000000
 -0.012962  -0.045776   0.001248    4.000000,  0.000000
 -0.010471  -0.045951   0.001248    4.000000, -8.000000
 -0.007981  -0.046125   0.001248    4.000000,-16.000000
 -0.005490  -0.046298   0.001248    4.000000,-16.000000
 -0.003000  -0.046471   0.001248    4.000000,-16.000000
 -0.000510  -0.046642   0.001248    4.000000, -8.000000
  0.001980  -0.046812   0.001248    4.000000, -2.000000
  0.004470  -0.046981   0.001248    4.000000,-16.000000
  0.006960  -0.047149   0.001248    4.000000, -2.000000
  0.009450  -0.047316   0.001248    4.000000,-16.000000
  0.011939  -0.047481   0.001247    4.000000,-16.000000
  0.014429  -0.047646   0.001247    4.000000, -2.000000
  0.016918  -0.047810   0.001247    4.000000, -8.000000
  0.019407  -0.047972   0.001247    4.000000, -8.000000
  0.021896  -0.048134   0.001247    4.000000,  0.000000
  0.024385  -0.048294   0.001247    4.000000, -2.000000
  0.026874  -0.048453   0.001247    4.000000, -2.000000
  0.029362  -0.048611   0.001247    4.000000, -2.000000
  0.031851  -0.048768   0.001247    4.000000,-16.000000
  0.034340  -0.048924   0.001247    4.000000, -8.000000
  0.036828  -0.049078   0.001246    4.000000, -2.000000
  0.039316  -0.049231   0.001246    4.000000, -2.000000
  0.041804  -0.049383   0.001246    4.000000,-16.000000
  0.044292  -0.049534   0.001246    4.000000, -8.000000
  0.046780  -0.049683   0.001246    4.000000, -2.000000
  0.049268  -0.049831   0.001246    4.000000,-16.000000
  0.051756  -0.049978   0.001246    4.000000,-16.000000
  0.054243  -0.050123   0.001246    4.000000, -8.000000
  0.056731  -0.050267   0.001246    4.000000, -8.000000
  0.059218  -0.050410   0.001246    4.000000,-16.000000
  0.061706  -0.050551   0.001246    4.000000,  0.000000
  0.064193  -0.050691   0.001246    4.000000, -8.000000
  0.066680  -0.050829   0.001245    4.000000, -2.000000
  0.069167  -0.050966   0.001245    4.000000,-16.000000
  0.071654  -0.051102   0.001245    4.000000, -8.000000
  0.074141  -0.051236   0.001245    4.000000, -2.000000
  0.076628  -0.051368   0.001245    4.000000,-16.000000
  0.079115  -0.051499   0.001245    4.000000, -2.000000
  0.081601  -0.051629   0.001245    4.000000, -8.000000
  0.084088  -0.051757   0.001245    4.000000, -2.000000
  0.086574  -0.051883   0.001245    4.000000,  0.000000
  0.089061  -0.052008   0.001245    4.000000, -8.000000
  0.091547  -0.052131   0.001245    4.000000,-16.000000
  0.094033  -0.052253   0.001245    4.000000,  0.000000
  0.096519  -0.052373   0.001244    4.000000, -2.000000
  0.099006  -0.052491   0.001237    4.000000, -2.000000
  0.101476  -0.052607   0.001232    4.000000,-16.000000
  0.103937  -0.052723   0.001232    4.000000,  0.000000
  0.106398  -0.052838   0.001232    4.000000,  0.000000
  0.108858  -0.052952   0.001231    4.000000, -8.000000
  0.111318  -0.053065   0.001231    4.000000, -8.000000
  0.113778  -0.053177   0.001231    4.000000, -2.000000
  0.116238  -0.053288   0.001231    4.000000,-16.000000
  0.118698  -0.053398   0.001231    4.000000,-16.000000
  0.121158  -0.053507   0.001231    4.000000,-16.000000
  0.123618  -0.053615   0.001231    4.000000,  0.000000
  0.126077  -0.053722   0.001231    4.000000,-16.000000
  0.128537  -0.053828   0.001231    4.000000, -8.000000
  0.130996  -0.053932   0.001231    4.000000, -2.000000
  0.133456  -0.054036   0.001231    4.000000, -2.000000
  0.135915  -0.054138   0.001231    4.000000,  0.000000
  0.138374  -0.054239   0.001231    4.000000,  0.000000
  0.140833  -0.054339   0.001231    4.000000,  0.000000
  0.143292  -0.054438   0.001230    4.000000,  0.000000
  0.145751  -0.054535   0.001230    4.000000, -2.000000
  0.148210  -0.054631   0.001230    4.000000, -2.000000
  0.150669  -0.054726   0.001230    4.000000,-16.000000
  0.153128  -0.054819   0.001230    4.000000,  0.000000
  0.155587  -0.054911   0.001230    4.000000, -8.000000
  0.158045  -0.055001   0.001230    4.000000, -8.000000
  0.160504  -0.055091   0.001230    4.000000,  0.000000
  0.162963  -0.055178   0.001230    4.000000, -8.000000
  0.165422  -0.055264   0.001230    4.000000, -8.000000
  0.167880  -0.055349   0.001230    4.000000, -2.000000
  0.170339  -0.055431   0.001230    4.000000, -2.000000
  0.172798  -0.055513   0.001230    4.000000,-16.000000
  0.175256  -0.055592   0.001230    4.000000,-16.000000
  0.177715  -0.055670   0.001230    4.000000,-16.000000
  0.180174  -0.055747   0.001230    4.000000,  0.000000
  0.182633  -0.055821   0.001230    4.000000, -8.000000
  0.185092  -0.055894   0.001230    4.000000, -8.000000
  0.187551  -0.055965   0.001230    4.000000,-16.000000
  0.190010  -0.056034   0.001230    4.000000,  0.000000
  0.192469  -0.056101   0.001230    4.000000,-16.000000
  0.194928  -0.056166   0.001230    4.000000, -2.000000
  0.197387  -0.056230   0.001230    4.000000,  0.000000
  0.199847  -0.056291   0.001230    4.000000,-16.000000
  0.202306  -0.056350   0.001230    4.000000, -8.000000
  0.204766  -0.056407   0.001230    4.000000, -2.000000
  0.207225  -0.056462   0.001230    4.000000,  0.000000
  0.209685  -0.056515   0.001230    4.000000,  0.000000
  0.212145  -0.056566   0.001230    4.000000, -8.000000
  0.214605  -0.056615   0.001230    4.000000, -8.000000
  0.217065  -0.056661   0.001230    4.000000,-16.000000
  0.219525  -0.056705   0.001230    4.000000,  0.000000
  0.221986  -0.056747   0.001230    4.000000, -8.000000
  0.224446  -0.056786   0.001231    4.000000, -8.000000
  0.226907  -0.056822   0.001231    4.000000, -2.000000
  0.229368  -0.056857   0.001231    4.000000, -2.000000
  0.231829  -0.056888   0.001231    4.000000,  0.000000
  0.234291  -0.056918   0.001231    4.000000,  0.000000
  0.236752  -0.056944   0.001231    4.000000, -8.000000
  0.239214  -0.056968   0.001231    4.000000, -2.000000
  0.241676  -0.056989   0.001231    4.000000, -2.000000
  0.244139  -0.057007   0.001231    4.000000,-16.000000
  0.246601  -0.057022   0.001231    4.000000,-16.000000
  0.249064  -0.057035   0.001232    4.000000,-16.000000
  0.251527  -0.057045   0.001232    4.000000,-16.000000
  0.253991  -0.057051   0.001232    4.000000, -2.000000
  0.256454  -0.057055   0.001232    4.000000, -8.000000
  0.258918  -0.057055   0.001232    4.000000, -8.000000
  0.261383  -0.057052   0.001232    4.000000, -2.000000
  0.263848  -0.057046   0.001233    4.000000,  0.000000
  0.266313  -0.057037   0.001233    4.000000,-16.000000
  0.268778  -0.057024   0.001233    4.000000,  0.000000
  0.271244  -0.057008   0.001233    4.000000,-16.000000
  0.273710  -0.056988   0.001233    4.000000, -8.000000
  0.276176  -0.056965   0.001234    4.000000, -8.000000
  0.278643  -0.056938   0.001234    4.000000, -2.000000
  0.281111  -0.056907   0.001234    4.000000,  0.000000
  0.283578  -0.056873   0.001234    4.000000, -2.000000
  0.286047  -0.056834   0.001235    4.000000, -2.000000
  0.288515  -0.056792   0.001235    4.000000, -2.000000
  0.290985  -0.056746   0.001235    4.000000,  0.000000
  0.293454  -0.056696   0.001235    4.000000, -2.000000
  0.295924  -0.056641   0.001236    4.000000, -2.000000
  0.298395  -0.056582   0.001236    4.000000,  0.000000
  0.300866  -0.056519   0.001236    4.000000,  0.000000
  0.303338  -0.056452   0.001237    4.000000, -8.000000
  0.305810  -0.056380   0.001237    4.000000,-16.000000
  0.308283  -0.056303   0.001237    4.000000, -8.000000
  0.310757  -0.056221   0.001238    4.000000, -8.000000
  0.313231  -0.056135   0.001238    4.000000, -8.000000
  0.315706  -0.056044   0.001239    4.000000, -8.000000
  0.318181  -0.055948   0.001239    4.000000,-16.000000
  0.320657  -0.055846   0.001240    4.000000, -2.000000
  0.323134  -0.055740   0.001240    4.000000, -2.000000
  0.325612  -0.055627   0.001241    4.000000,  0.000000
  0.328090  -0.055510   0.001241    4.000000, -2.000000
  0.330569  -0.055387   0.001242    4.000000, -8.000000
  0.333048  -0.055258   0.001242    4.000000, -2.000000
  0.335529  -0.055123   0.001243    4.000000, -2.000000
  0.338010  -0.054982   0.001243    4.000000, -8.000000
  0.340493  -0.054835   0.001244    4.000000, -2.000000
  0.342976  -0.054681   0.001245    4.000000,-16.000000
  0.345460  -0.054521   0.001245    4.000000,-16.000000
  0.347944  -0.054355   0.001246    4.000000, -2.000000
  0.350430  -0.054182   0.001247    4.000000, -2.000000
  0.352917  -0.054001   0.001247    4.000000,  0.000000
  0.355405  -0.053814   0.001248    4.000000, -8.000000
  0.357894  -0.053619   0.001249    4.000000, -8.000000
  0.360383  -0.053416   0.001250    4.000000, -2.000000
  0.362874  -0.053206   0.001251    4.000000, -8.000000
  0.365366  -0.052988   0.001252    4.000000,-16.000000
  0.367859  -0.052762   0.001253    4.000000, -2.000000
  0.370354  -0.052527   0.001254    4.000000,  0.000000
  0.372849  -0.052283   0.001255    4.000000,  0.000000
  0.375346  -0.052031   0.001256    4.000000,-16.000000
  0.377844  -0.051769   0.001257    4.000000,-16.000000
  0.380344  -0.051498   0.001258    4.000000,  0.000000
  0.382845  -0.051217   0.001260    4.000000, -8.000000
  0.385347  -0.050926   0.001261    4.000000,  0.000000
  0.387851  -0.050625   0.001262    4.000000, -2.000000
  0.390356  -0.050313   0.001264    4.000000, -2.000000
  0.392863  -0.049990   0.001265    4.000000, -8.000000
  0.395371  -0.049655   0.001267    4.000000,  0.000000
  0.397881  -0.049308   0.001269    4.000000,-16.000000
  0.400393  -0.048949   0.001271    4.000000,  0.000000
  0.402907  -0.048577   0.001272    4.000000,-16.000000
  0.405422  -0.048191   0.001274    4.000000, -8.000000
  0.407940  -0.047792   0.001277    4.000000, -8.000000
  0.410459  -0.047378   0.001279    4.000000,  0.000000
  0.412981  -0.046950   0.001281    4.000000, -8.000000
  0.415504  -0.046505   0.001284    4.000000, -2.000000
  0.418030  -0.046044   0.001287    4.000000,  0.000000
  0.420559  -0.045566   0.001289    4.000000,  0.000000
  0.423090  -0.045070   0.001293    4.000000, -2.000000
  0.425623  -0.044555   0.001296    4.000000, -2.000000
  0.428159  -0.044020   0.001299    4.000000,-16.000000
  0.430698  -0.043464   0.001303    4.000000,-16.000000
  0.433240  -0.042886   0.001308    4.000000, -8.000000
  0.435784  -0.042284   0.001312    4.000000, -8.000000
  0.438333  -0.041658   0.001317    4.000000,  0.000000
  0.440884  -0.041005   0.001322    4.000000,-16.000000
  0.443440  -0.040324   0.001328    4.000000,-16.000000
  0.445999  -0.039613   0.001334    4.000000, -8.000000
  0.448562  -0.038870   0.001342    4.000000, -8.000000
  0.451130  -0.038092   0.001349    4.000000, -8.000000
  0.453703  -0.037276   0.001358    4.000000, -8.000000
  0.456280  -0.036419   0.001368    4.000000,  0.000000
  0.458863  -0.035518   0.001379    4.000000, -8.000000
  0.461453  -0.034567   0.001392    4.000000,  0.000000
  0.464049  -0.033562   0.001406    4.000000,-16.000000
  0.466652  -0.032496   0.001423    4.000000,-16.000000
  0.469263  -0.031362   0.001444    4.000000,  0.000000
  0.471884  -0.030151   0.001467    4.000000, -2.000000
  0.474514  -0.028850   0.001497    4.000000, -2.000000
  0.477157  -0.027444   0.001533    4.000000,-16.000000
  0.479814  -0.025914   0.001580    4.000000, -2.000000
  0.482488  -0.024232   0.001641    4.000000, -2.000000
  0.485183  -0.022358   0.001727    4.000000, -2.000000
  0.487906  -0.020231   0.001856    4.000000, -2.000000
  0.490667  -0.017749   0.002072    4.000000,  0.000000
  0.493485  -0.014713   0.002522    4.000000, -8.000000
  0.496415  -0.010606   0.005598    4.000000,-16.000000
