 9 5	
10 6
11 19
12 10
13 28
14 32
15 34
16 37
17 30
18 68
19 86
20 114
21 115
22 126
23 192
24 175
25 316
26 296
27 328
28 243
29 332
30 325
31 385
32 395 April 1
33 450
34 392
35 388
36 220
37 268
38 248 April 7
39 549
40 365
41 435
42 432
43 382
44 297
45 307 April 14
46 417
47 354
48 409
49 265
50 326
51 286
52 467 April 21
53 394
54 968 Includes some not reported previous days
55 710  
56 496
57 436
58 494
59 419 April 28
60 776
61 446
62 449 May 1
63 401
64 238
65 355
66 380
67 432
68 408 May 7
69 527
70 327
71 190